function [ distance ] = transferLearn_GLOBAL( xi , X )


%M=[3.08925297184679e-07,9.27673549920428e-06,0,4.99891637472050e-08,1.63362052808893e-08,-6.83432485803894e-06,1.50951298011722e-06,-5.55960196249299e-06,-1.87953668386519e-08,2.91768667682644e-05,2.60080333849448e-05,3.20126458935290e-05,3.26796901301998e-05,-6.88148589418101e-05,-0.000140621040674652,-4.56691107056992e-05,3.32210127923210e-05,-2.29725451362477e-06,3.24387303968778e-06;9.27673549920428e-06,0.000306035047906651,0,1.36119113016621e-06,2.03992591125924e-07,-0.000256695956869771,4.56095415890976e-05,-0.000211994441262642,1.99972682678040e-06,0.000987114117277356,0.000892652346697420,0.00113783618172988,0.00102204999896220,-0.00237899897801526,-0.00455613682487581,-0.00174774727369635,0.00108936034152068,-7.40430992542318e-05,1.38792926833767e-05;0,0,0,0,0,0,0,0,0,0,0,0,0,0,0,0,0,0,0;4.99891637472050e-08,1.36119113016621e-06,0,2.43814248811964e-08,1.36079116620528e-08,-7.39208754419627e-07,3.17452319063730e-07,-4.66064766701290e-07,-1.99258533348782e-08,4.22693107071427e-06,5.56619000807524e-06,5.03423427822749e-06,3.22427605548722e-06,-1.05602433778180e-05,-2.17710516020204e-05,-2.64348709749460e-06,4.06826229417330e-06,-7.56876243154089e-07,1.41169062430383e-06;1.63362052808893e-08,2.03992591125924e-07,0,1.36079116620528e-08,9.65405004431504e-09,2.48096716123943e-07,1.22447344636594e-07,3.02548078489045e-07,-3.02110367638863e-08,4.29524949039111e-07,1.39437623673638e-06,3.11721864187201e-07,1.62451433642687e-07,-1.00903510246440e-06,-4.38689355297162e-06,3.23628871129176e-06,2.83774174116128e-07,-3.17382846029733e-07,1.32760810801790e-06;-6.83432485803894e-06,-0.000256695956869771,0,-7.39208754419627e-07,2.48096716123943e-07,0.000290199097022526,-3.32882295561866e-05,0.000218547870102638,-5.04532395062762e-06,-0.000847566604390107,-0.000729578275024569,-0.00102849608624423,-0.000851830849269792,0.00205004214509764,0.00376195326730102,0.00172746702111220,-0.000927347308471203,6.71064274785087e-05,0.000102850850951670;1.50951298011722e-06,4.56095415890976e-05,0,3.17452319063730e-07,1.22447344636594e-07,-3.32882295561866e-05,7.73663633236160e-06,-2.66178041325077e-05,-8.59449420995669e-08,0.000144057508317230,0.000137583350881408,0.000161852438977582,0.000151082119962558,-0.000344476683368619,-0.000693852490787668,-0.000213469128399114,0.000159196549408051,-1.32148100047722e-05,1.72539447137171e-05;-5.55960196249299e-06,-0.000211994441262642,0,-4.66064766701290e-07,3.02548078489045e-07,0.000218547870102638,-2.66178041325077e-05,0.000178888311166853,-4.06451469842911e-06,-0.000704892759094962,-0.000616123835515581,-0.000854503798010347,-0.000688574220789431,0.00172578396116910,0.00307542588975456,0.00147455194718573,-0.000762830031378078,4.64893470884388e-05,8.81643468742889e-05;-1.87953668386519e-08,1.99972682678040e-06,0,-1.99258533348782e-08,-3.02110367638863e-08,-5.04532395062762e-06,-8.59449420995669e-08,-4.06451469842911e-06,2.50971777793923e-07,8.48629501228456e-06,7.73575053511332e-06,1.42664986646932e-05,2.87191387462269e-06,-2.39735852933360e-05,-2.28652046366798e-05,-3.29454662961236e-05,6.97520727193097e-06,-3.75755798818519e-07,-8.33494554812178e-06;2.91768667682644e-05,0.000987114117277356,0,4.22693107071427e-06,4.29524949039111e-07,-0.000847566604390107,0.000144057508317230,-0.000704892759094962,8.48629501228456e-06,0.00320497584442928,0.00292168191622834,0.00374083667666829,0.00323733736830722,-0.00777334677434277,-0.0146275382071476,-0.00582185240935963,0.00350262874955799,-0.000238050702126941,-2.70907509135118e-05;2.60080333849448e-05,0.000892652346697420,0,5.56619000807524e-06,1.39437623673638e-06,-0.000729578275024569,0.000137583350881408,-0.000616123835515581,7.73575053511332e-06,0.00292168191622834,0.00292418277433728,0.00351149645463091,0.00264681673789165,-0.00724157562486732,-0.0132515400185464,-0.00503224437990928,0.00305115675277673,-0.000255163416478267,5.60081448023995e-06;3.20126458935290e-05,0.00113783618172988,0,5.03423427822749e-06,3.11721864187201e-07,-0.00102849608624423,0.000161852438977582,-0.000854503798010347,1.42664986646932e-05,0.00374083667666829,0.00351149645463091,0.00448916209026873,0.00355308422197890,-0.00919592556391585,-0.0167456291577802,-0.00701565128176090,0.00398982979111225,-0.000289193572885927,-0.000176496150562454;3.26796901301998e-05,0.00102204999896220,0,3.22427605548722e-06,1.62451433642687e-07,-0.000851830849269792,0.000151082119962558,-0.000688574220789431,2.87191387462269e-06,0.00323733736830722,0.00264681673789165,0.00355308422197890,0.00377704077870765,-0.00757251099247180,-0.0153143094345310,-0.00571923593749315,0.00376457880995435,-0.000210714247864106,0.000150019133376745;-6.88148589418101e-05,-0.00237899897801526,0,-1.05602433778180e-05,-1.00903510246440e-06,0.00205004214509764,-0.000344476683368619,0.00172578396116910,-2.39735852933360e-05,-0.00777334677434277,-0.00724157562486732,-0.00919592556391585,-0.00757251099247180,0.0190152165042921,0.0351274738823127,0.0142801280755185,-0.00837153922433418,0.000584426205308082,0.000179586629496331;-0.000140621040674652,-0.00455613682487581,0,-2.17710516020204e-05,-4.38689355297162e-06,0.00376195326730102,-0.000693852490787668,0.00307542588975456,-2.28652046366798e-05,-0.0146275382071476,-0.0132515400185464,-0.0167456291577802,-0.0153143094345310,0.0351274738823127,0.0681135085661318,0.0252222285733059,-0.0162084792656084,0.00113304708196416,-0.000472569295458302;-4.56691107056992e-05,-0.00174774727369635,0,-2.64348709749460e-06,3.23628871129176e-06,0.00172746702111220,-0.000213469128399114,0.00147455194718573,-3.29454662961236e-05,-0.00582185240935963,-0.00503224437990928,-0.00701565128176090,-0.00571923593749315,0.0142801280755185,0.0252222285733059,0.0124235443054023,-0.00631862287818705,0.000332689141067741,0.000746313079266937;3.32210127923210e-05,0.00108936034152068,0,4.06826229417330e-06,2.83774174116128e-07,-0.000927347308471203,0.000159196549408051,-0.000762830031378078,6.97520727193097e-06,0.00350262874955799,0.00305115675277673,0.00398982979111225,0.00376457880995435,-0.00837153922433418,-0.0162084792656084,-0.00631862287818705,0.00392962743548220,-0.000245171908303346,3.95727896405883e-05;-2.29725451362477e-06,-7.40430992542318e-05,0,-7.56876243154089e-07,-3.17382846029733e-07,6.71064274785087e-05,-1.32148100047722e-05,4.64893470884388e-05,-3.75755798818519e-07,-0.000238050702126941,-0.000255163416478267,-0.000289193572885927,-0.000210714247864106,0.000584426205308082,0.00113304708196416,0.000332689141067741,-0.000245171908303346,3.10365995030767e-05,-1.74774436515538e-05;3.24387303968778e-06,1.38792926833767e-05,0,1.41169062430383e-06,1.32760810801790e-06,0.000102850850951670,1.72539447137171e-05,8.81643468742889e-05,-8.33494554812178e-06,-2.70907509135118e-05,5.60081448023995e-06,-0.000176496150562454,0.000150019133376745,0.000179586629496331,-0.000472569295458302,0.000746313079266937,3.95727896405883e-05,-1.74774436515538e-05,0.000307139641787445];
m = getGlobalM;

distance = [];
 for i=1:size(X,1)
    distance = [distance; (abs(xi-X(i,:)))*m*(abs(xi-X(i,:)))'];
 end

end



